Date,Hour,Kumamoto,Aso,Amakusa
2022/01/01,1,-0.1,-1.8,3.7
2022/01/01,2,-0.4,-3.5,3.5
2022/01/01,3,-1.5,-4.8,3.5
2022/01/01,4,-1.2,-5.1,3.5
2022/01/01,5,-1.9,-5.2,3.7
2022/01/01,6,-2.2,-6,3.8
2022/01/01,7,-2.2,-6.6,4.1
2022/01/01,8,-1.5,-5.9,4.7
2022/01/01,9,0.6,-3,6.4
2022/01/01,10,3.1,1.1,7.8
2022/01/01,11,6.1,3,9.1
2022/01/01,12,7.1,4.8,9
2022/01/01,13,8.9,6.1,10.2
2022/01/01,14,9.5,7.5,9.6
2022/01/01,15,10,6.5,10.1
2022/01/01,16,9.3,6,10.4
2022/01/01,17,8.3,4.1,9
2022/01/01,18,6.5,1.1,7.2
2022/01/01,19,4.7,-0.2,6.8
2022/01/01,20,3.7,-1.2,7.5
2022/01/01,21,3.3,-2.8,6.7
2022/01/01,22,2.4,-2.9,6.4
2022/01/01,23,2.6,-2.8,5.9
2022/01/01,24,1.9,-2.9,7.1
2022/01/02,1,1.4,-1.8,7.2
2022/01/02,2,1.5,-3.5,7.1
2022/01/02,3,1.3,-4.8,7.4
2022/01/02,4,1.7,-5.1,7.2
2022/01/02,5,1.5,-5.2,7.8
2022/01/02,6,1.6,-6,7.7
2022/01/02,7,1.3,-6.6,7.8
2022/01/02,8,1.5,-5.9,7.8
2022/01/02,9,4.2,-3,8.3
2022/01/02,10,7.3,1.1,8.9
2022/01/02,11,9.5,3,10.9
2022/01/02,12,10.3,4.8,12
2022/01/02,13,10.6,6.1,11.8
2022/01/02,14,9.7,7.5,11.8
2022/01/02,15,9.7,6.5,11.5
2022/01/02,16,10.7,6,11.7
2022/01/02,17,9.9,4.1,10.5
2022/01/02,18,7.9,1.1,9.4
2022/01/02,19,6.9,-0.2,8.5
2022/01/02,20,6,-1.2,8.5
2022/01/02,21,5.3,-2.8,8.2
2022/01/02,22,3.9,-2.9,8.3
2022/01/02,23,3.1,-2.8,7.6
2022/01/02,24,2.4,-2.9,7.8
2022/01/03,1,1.7,-3.7,7.3
2022/01/03,2,1.4,-4.8,7.2
2022/01/03,3,0.5,-4.8,7.1
2022/01/03,4,0.5,-4.7,6.8
2022/01/03,5,0,-5.4,7.5
2022/01/03,6,0.9,-5.7,7.4
2022/01/03,7,-0.3,-5.2,7.4
2022/01/03,8,0,-4.5,8
2022/01/03,9,2.8,-3,9.2
2022/01/03,10,6,0.6,10.9
2022/01/03,11,8.3,5.6,12.2
2022/01/03,12,10.5,7.7,11.8
2022/01/03,13,11.6,8.1,12.7
2022/01/03,14,11.9,8.8,13.3
2022/01/03,15,12.3,8.8,12.9
2022/01/03,16,11.9,7.5,11.7
2022/01/03,17,10.5,6.1,10.9
2022/01/03,18,8.8,2.9,10
2022/01/03,19,8.1,1.5,8.9
2022/01/03,20,7.7,1.3,10
2022/01/03,21,6.5,0.9,8.1
2022/01/03,22,5.6,1.2,7.7
2022/01/03,23,4.5,1.8,7.9
2022/01/03,24,3.8,0.6,7.4
2022/01/04,1,2.4,1.1,8.8
2022/01/04,2,2,-0.7,8.5
2022/01/04,3,0.8,-2.2,7.7
2022/01/04,4,0.6,-3.6,7.5
2022/01/04,5,0.2,-3.1,7.7
2022/01/04,6,0.1,-4,6.4
2022/01/04,7,0,-4.2,6.7
2022/01/04,8,0.1,-3,6.8
2022/01/04,9,2.3,0.1,9.4
2022/01/04,10,5.2,5.1,10.5
2022/01/04,11,8.4,6.1,11.3
2022/01/04,12,10.2,6.6,11.3
2022/01/04,13,10,6.9,11.7
2022/01/04,14,10.5,7.4,12.1
2022/01/04,15,10.7,7.2,11.6
2022/01/04,16,10.5,6.6,11.7
2022/01/04,17,9.8,5.2,10.7
2022/01/04,18,8.6,3,10
2022/01/04,19,7.7,1.8,9.4
2022/01/04,20,6.5,-0.1,7.7
2022/01/04,21,5.7,-0.9,8.2
2022/01/04,22,4.6,-2,7.8
2022/01/04,23,3.2,-2.5,7.9
2022/01/04,24,3,-3.4,8
2022/01/05,1,1.7,-3.6,8.1
2022/01/05,2,2.1,-3.9,7.5
2022/01/05,3,1.6,-4,7.3
2022/01/05,4,1.7,-2.8,7.1
2022/01/05,5,2.1,-2.4,7.1
2022/01/05,6,2.4,-2.1,7.1
2022/01/05,7,2,-2.7,7.5
2022/01/05,8,3,-1.4,7.7
2022/01/05,9,4.1,0.3,8
2022/01/05,10,4.8,2.5,8.8
2022/01/05,11,5.9,3.6,9.7
2022/01/05,12,7.9,4.3,10.3
2022/01/05,13,8.5,5.1,10.6
2022/01/05,14,9.2,5.8,10.7
2022/01/05,15,9.5,6.1,11.6
2022/01/05,16,9.5,5.4,11.5
2022/01/05,17,9.2,4.9,10.9
2022/01/05,18,8.8,4.4,10.6
2022/01/05,19,8.9,4.2,10.6
2022/01/05,20,8.9,4,8.7
2022/01/05,21,7.8,3.4,7.8
2022/01/05,22,6.9,2.8,7.7
2022/01/05,23,6.3,2.6,7.2
2022/01/05,24,6,1.7,7.1
2022/01/06,1,5.8,1.5,7.5
2022/01/06,2,5.8,1.7,7.8
2022/01/06,3,5.9,2,7.8
2022/01/06,4,5.8,2.4,7.8
2022/01/06,5,5.7,2.5,7.9
2022/01/06,6,6.3,3,8.2
2022/01/06,7,6.3,2.6,8.1
2022/01/06,8,6.4,3,8.1
2022/01/06,9,6.9,3.6,8.7
2022/01/06,10,8.1,3.7,10.1
2022/01/06,11,9.3,3.8,12.3
2022/01/06,12,9.8,4.3,11.7
2022/01/06,13,10.9,5.2,11.6
2022/01/06,14,12.2,6.7,12.7
2022/01/06,15,13,7,13.3
2022/01/06,16,12.1,7.2,12
2022/01/06,17,10.9,6.6,11.3
2022/01/06,18,9.7,3.3,9.6
2022/01/06,19,8.2,0.8,8.5
2022/01/06,20,8.1,-0.1,7.8
2022/01/06,21,6.2,0,7.1
2022/01/06,22,5.2,-0.8,8
2022/01/06,23,4.9,-0.4,7.5
2022/01/06,24,3.6,-0.8,6.4
2022/01/07,1,3.2,1.3,6.9
2022/01/07,2,2,2.2,5.3
2022/01/07,3,2.2,1.6,5.1
2022/01/07,4,2.6,-1.1,5.3
2022/01/07,5,1.4,-0.7,6.1
2022/01/07,6,1.2,-1,6
2022/01/07,7,0.9,1.1,4.9
2022/01/07,8,1.4,-0.6,6.6
2022/01/07,9,3.5,1.2,8.4
2022/01/07,10,7.2,4.3,10.2
2022/01/07,11,9,5.6,10.7
2022/01/07,12,10.8,6.6,11.7
2022/01/07,13,11.3,8.1,11.6
2022/01/07,14,12.2,8.1,12.4
2022/01/07,15,11.9,9.1,13
2022/01/07,16,11.5,8.2,12.4
2022/01/07,17,10.7,5.7,11.1
2022/01/07,18,9.7,3.4,9.5
2022/01/07,19,8.9,1.2,8.6
2022/01/07,20,7.7,-0.1,7.5
2022/01/07,21,6.3,-1,7.7
2022/01/07,22,5.1,-1.5,6.9
2022/01/07,23,4,-2.1,7.3
2022/01/07,24,3.2,-2.7,8.1
2022/01/08,1,3.1,-3.5,6.4
2022/01/08,2,2.8,-3.9,7.7
2022/01/08,3,2.2,-4,8.3
2022/01/08,4,1.3,-4.5,8.6
2022/01/08,5,1.2,-4.7,8.3
2022/01/08,6,0.9,-4.6,8.1
2022/01/08,7,0.6,-5.4,7.6
2022/01/08,8,0.4,-5,7.7
2022/01/08,9,2.8,-3.2,8.7
2022/01/08,10,6,0.3,9.7
2022/01/08,11,8,4.4,11.8
2022/01/08,12,10.4,7.8,11.7
2022/01/08,13,11.7,8.9,12.5
2022/01/08,14,13,9.8,13.6
2022/01/08,15,13.5,9.4,13.8
2022/01/08,16,12.7,8.9,13.4
2022/01/08,17,11.7,6.8,12.4
2022/01/08,18,10.1,2.7,10.9
2022/01/08,19,8.8,1.7,9.3
2022/01/08,20,7.7,0.7,8.6
2022/01/08,21,7,-1.1,8.2
2022/01/08,22,6.8,-1,9.9
2022/01/08,23,6.7,-0.9,9.7
2022/01/08,24,6.3,-1.2,9.6
2022/01/09,1,5.6,-1.5,9.3
2022/01/09,2,5,-1.7,9.3
2022/01/09,3,5.5,-2.1,9.7
2022/01/09,4,4.7,-2.2,9.4
2022/01/09,5,4.5,-2.4,9.5
2022/01/09,6,3.9,-2.8,9.1
2022/01/09,7,3.8,-3.4,8.8
2022/01/09,8,3.7,-2.7,9.2
2022/01/09,9,6.1,0.1,10.4
2022/01/09,10,8.4,3.4,11.7
2022/01/09,11,9.8,7.2,12.6
2022/01/09,12,11.5,8.9,13.2
2022/01/09,13,12.4,10.1,12.1
2022/01/09,14,12.1,9.3,11.8
2022/01/09,15,12.3,9.2,11.6
2022/01/09,16,11.3,8.2,11.4
2022/01/09,17,10.8,7.6,11.1
2022/01/09,18,10.3,6.1,10.7
2022/01/09,19,10,6.2,10.6
2022/01/09,20,9.4,5.6,9.6
2022/01/09,21,8.1,4.1,8.6
2022/01/09,22,7.4,2.7,8.8
2022/01/09,23,6.8,2.4,8.6
2022/01/09,24,5.7,1.7,7.6
2022/01/10,1,4.8,-0.2,7
2022/01/10,2,4,-1,6.9
2022/01/10,3,3.6,-1.5,7.2
2022/01/10,4,2.5,-2,7.1
2022/01/10,5,2.5,-3,6.1
2022/01/10,6,1.6,-3.4,7.4
2022/01/10,7,1.8,-3.8,7.4
2022/01/10,8,1.3,-3.5,7.3
2022/01/10,9,3.5,-1.8,8.9
2022/01/10,10,5.7,2.2,11
2022/01/10,11,9,6.6,11.7
2022/01/10,12,11.2,9.7,12
2022/01/10,13,12,10.8,13.1
2022/01/10,14,12.6,12.3,13.4
2022/01/10,15,12.5,12.1,13.2
2022/01/10,16,12.5,10.6,13.4
2022/01/10,17,11.8,8.1,12.1
2022/01/10,18,10.1,5.6,10.1
2022/01/10,19,8.7,2.8,9
2022/01/10,20,7.9,1.5,9.2
2022/01/10,21,7.2,-0.1,8.7
2022/01/10,22,6.6,-0.5,8.8
2022/01/10,23,5.6,-0.9,10
2022/01/10,24,5.5,-0.2,10